2    -53.5    6.5    9/20/2000
3    -51.64    4.46    6/18/2002
4    -44.5    -0.5    4/15/1994
5    -50.5    5.5    10/7/1994
6    -49.6    3.8    10/7/1994
8    -42.2    -23.13    3/1/2002
9    -42.83    -23.41    3/17/1997
10    -47.72    -26.4    1/2/2001
11    -49.24    -29.45    10/30/2000
12    -50.69    -32.44    11/22/2000
16    13.25    -10    1/12/1996
17    11.1    -16    4/27/1997
18    13.5    -21.3    12/3/1990
19    12    -19.56    3/1/1990
20    14.5    -24.67    12/10/1995
21    16.75    -31.87    4/11/1994
23    22.13    -34.44    4/11/1994
25    -126.8    50.72    8/28/1995
26    -123    48.85    7/30/1978
27    -123    48.88    7/30/1978
28    -124.22    48.38    7/26/2000
29    -124.76    48.41    6/29/2000
31    123.37    3    10/28/2003
32    120.4    3    3/21/2003
33    123    2    3/5/2003
34    126.5    4    8/16/2003
35    127    3.8    8/16/2003
36    127    3.8    8/16/2203
38    -94.6    15.88    3/30/1996
39    -94.2    15.88    3/19/2001
40    -89.6    13.5    9/19/1978
41    -87.45    12.25    11/14/2002
42    -86.49    9.25    2/8/2002
43    -85.21    9.25    2/14/2001
44    -84.64    9.54    6/16/2002
45    -79.31    7.88    5/5/2002
46    -79.125    6.25    3/18/2002
48    122.34    25.42    5/10/1994
49    122.34    26.22    5/25/2001
50    124    26.68    8/3/2003
52    120.59    26.16    8/4/2001
53    122.58    29.8    7/26/1997
54    122.77    32.26    5/16/2001
55    126.53    32.63    8/3/2003
57    -96.68    11    10/8/1994
58    -99    9    10/4/1994
59    -96.38    9    10/6/1994
60    -88.02    7.7    5/12/2002
61    -94.65    13.1    10/6/2001
63    -110.58    24.45    5/10/2001
64    -112.29    28.15    10/2/1994
65    -111.67    28    10/3/1994
66    -113.22    29    9/29/1978
67    -113.46    29.52    7/18/2001
68    -112.35    25.5    5/5/1989
69    -112.5    25.11    8/1/1989
70    -113.48    26.66    8/1/1989
71    -115    27.68    8/1/1989
73    157.76    51.14    6/9/2000
75    162.5    54.5    8/25/2003
76    165    59.43    7/4/2000
78    149.58    45    9/25/1998
79    144.45    44.4    6/22/2001
80    147.27    44.26    5/17/2002
81    151.05    46.71    9/9/2000
82    148.56    46.27    7/10/2001
83    154.54    49    9/14/1992
84    156    49    7/2/2003
86    148.86    41.79    9/20/2000
87    140.55    41    8/25/2001
88    141    37.84    6/7/1991
89    141.5    36.8    5/16/1994
95    129    33    7/20/2000
96    129.52    34.32    7/4/2000
97    129.4    37    9/30/2000
98    129.8    38.7    9/30/2000
99    129.61    34.46    9/20/2000
100    130.5    41    9/30/2000
101    134.74    43    9/16/1997
106    142.71    55.93    10/1/1998
107    142.75    55.5    10/10/1994
108    142.5    54.88    10/10/1994
109    142.5    54.65    6/15/2003
110    146.04    55.36    10/7/1994
111    143.27    54.2    7/30/2000
112    143    54.05    10/5/1999
113    144.04    50    9/6/1999
114    143.28    52.5    9/14/1992
115    142.5    45.37    8/2/1999
116    149.63    49.52    8/27/2001
120    125    34.26    7/8/1998
121    125.38    36    7/23/1998
122    124.5    37.5    7/11/1998
123    124    37    8/22/1996
125    -124.19    45.74    9/26/1995
126    -124.19    45.74    9/26/1995
129    -124.12    45.84    9/25/1995
131    -124.18    46.22    8/9/1999
134    120.5    20    6/16/1995
135    120.5    20    6/16/1995
136    117.03    21.8    4/26/2000
137    117.03    21.8    4/26/2000
138    115.15    19.65    5/30/1998
139    115.15    19.65    5/30/1998
140    116.5    22    4/26/1998
142    114.97    21.3    4/20/1994
143    114.97    21.3    4/20/1994
144    114.97    21.3    4/20/1994
145    114.97    21.3    4/20/1994
146    117.14    21.9    5/2/2001
147    111    19    7/9/2003
148    110.79    18.26    7/26/2000
149    110.8    18.36    6/23/1983
150    109.5    17    7/7/2003
151    108.78    16.09    7/29/2001
152    110.2    14.7    8/10/2002
153    109.57    13.75    8/10/2002
154    106.59    9.24    9/3/1996
155    106.59    9.24    9/3/1996
156    107.56    6.41    5/3/2001
162    119.5    8    4/1/1973
164    118.6    8.8    4/7/1996
165    118.8    6.5    7/3/1996
167    119.5    6.11    1/30/1998
168    120    5.45    4/8/2003
169    119.5    5.2    11/19/1990
171            7/16/1997
172    -117    32.14    7/21/1978
173    -119.16    33.43    7/18/1978
174    -121.17    35.43    10/9/1994
175    -122.9    37.38    8/1/1978
176    -122.55    37.57    4/21/2002
177    -123.81    39    10/10/1994
181    -73.25    40.09    7/18/1992
182    120.7    34.39    8/8/1998
184    -69.52    48.18    7/5/2007
185    -69.52    48.18    7/5/2007
186    -69.52    48.18    7/5/2007
189    -10.46    51.96    7/5/1990
191    118.72    9.61    12/24/1972
195    119.5    5    11/19/1990
197    113.2    21    4/17/2003
198    114.55    22.12    4/26/1998
199    58    -12    2/11/2009
200    62    -13    5/25/2009
201    60.4    -12.23    12/13/2008
202    61    -12.9    3/28/2009
210    118.5    20.5    4/21/2007
211    120.5    20.5    6/16/1995
216    50.71    41.67    5/15/2009
217    51.46    38.89    7/24/2009
218    49.61    43.39    5/31/2009
219    48.95    44.68    8/22/2003
222    -124.2    46.13    10/1/2001
223    -9.2    56.55    8/20/1995
224    129.3    37.66    9/13/2003
225    119.3    20.5    4/28/2005
226    119.6    20.5    4/27/2005
227    120.8    20.5    5/11/2005
229    118.5    21    5/9/2001
230    116.84    21.77    5/5/2001
236    95.7    6.3    2/11/7997
237    95.7    6.3    2/11/1997
238    -7    46.5    7/14/1999
240    161    53.86    8/25/1983
241    160.06    52.93    9/18/1977
242    161.17    53.28    9/8/1981
244    -8.9    56.5    8/21/1996
245    -8.9    56.5    8/20/1995
246    -126.75    50.71    8/28/1995
247    123.39    35.35    8/24/1992
248    125.86    30.18    9/5/1996
249    125.86    30.18    8/29/1998
252    15.57    36    10/21/2006
255    15.56    38.05    11/6/2006
256    123    33.6    8/8/1998
259    121    33.8    8/8/1998
261    117.25    21.6    4/24/2001
263    121.88    11.91    12/3/1993
264    116.6    21.8    7/24/1996
266    116.5    21.5    4/26/1998
267    120.6    20.08    6/16/1995
268    120.6    20.5    6/16/1995
270    97.41    7.02    5/4/1996
271    -50.5    34.8    10/6/1978
272    -50.5    34.8    10/6/1978
273    -29.16    33.1    9/3/2001
274    -29.24    33.14    9/3/2001
275    -11.2    36.5    8/20/1978
276    -11.2    36.6    9/20/1978
277    -28.3    38.75    9/9/1978
278    -28    37.8    9/15/2003
279    -26.5    39.5    9/4/1978
280    -39.7    26.8    9/4/1978
281    -26.1    38.6    7/1/2001
282    -31.48    37.45    9/7/2001
283    -26.25    37.4    9/4/2002
285    -5    46.5    8/20/1978
286    -7    46.5    7/14/1999
287    -5.8    47    6/18/1992
288    -1.5    44.4    6/22/2003
289    -2    44    6/19/2003
290    -5.4    43.7    8/10/1989
291    -3.5    44.7    8/5/1992
293    -9    48    7/7/1998
294    -8.8    48.2    7/5/1991
295    -8.7    48.25    7/5/1991
300    -7.9    48.185    9/15/1973
301    -7.78    48.28    9/15/1973
303    -41    62.5    5/14/2001
304    -41    62.7    5/14/2001
306    -86.66    24.55    9/13/1969
307    -86.5    22.2    7/4/2001
308    -86.5    22.5    8/24/1978
309    -84    28    8/19/1978
310    -83    26.5    8/25/1997
311    -87.5    29.5    6/21/2001
313    -6.2    37    8/18/1995
314    -9    38    7/6/1999
315    -9.5    37.95    7/7/1999
316    -9.5    39.5    8/20/1978
317    -9    41    8/8/1994
318    -9.1    41    8/8/1994
319    -9.1    41    8/12/1994
320    -12.5    42.5    7/30/1994
321    -12.5    42.5    7/30/1994
322    -12.5    42.5    7/30/1994
323    -12    43    8/16/1994
324    -12    43    8/16/1994
326    -64.5    62.3    10/5/1978
327    -61.5    60.1    10/2/1978
328    -61.5    60.1    10/2/1978
329    -61.5    59.5    6/26/2001
331    1.25    41    6/3/1998
332    3    41.8    5/31/1998
333    14.5    36.5    7/7/2002
334    23    34    10/6/1984
335    28.5    36    9/7/1994
337    -71.15    40.5    8/8/1996
339    -70.33    42    9/13/1998
340    -68    43    7/28/2001
341    -70.42    42.31    8/17/1999
342    -71.5    42.4    8/14/1999
343    -69.5    42    8/13/1998
344    -68.5    42.4    8/9/1989
345    -66.9    42.3    3/15/1999
349    -73.5    39    7/14/1995
350    -72.5    40    7/31/1995
351    -72.83    39.19    7/27/1995
352    -72    39.5    6/17/1976
353    -72.5    40    7/18/1992
354    -72.5    39.5    7/18/1992
355    -72.5    39    7/18/1992
356    -73.7    38.2    8/31/1978
357    -73.7    38.2    8/31/1978
358    -74.5    37.5    6/8/2001
359    -5    55    8/4/1978
362    -9    56.5    8/20/1995
364    -9    64.5    9/7/1991
365    -6    59.5    9/15/1978
366    -6.5    60    8/19/1978
368    -6.5    35.5    7/11/1994
369    -6.25    34.5    9/25/1992
370    -12    28    8/2/1992
371    -15.5    25.5    4/12/2003
373    7.3    54    5/6/1995
374    10    58.5    2/10/1992
375    58.2    9.6    7/9/2003
376    57.7    10.6    10/13/1993
380    18    70    9/9/1997
381    15    69.5    7/10/1997
382    14.16    68.5    6/18/1997
383    9.6    68.1    8/30/1997
384    13.6    67.6    7/4/1997
385    8    66    6/9/1997
387    -80    28.5    7/25/1978
388    -75.1    36.3    9/22/1978
389    -73    32.5    7/13/1978
393    -5.6    35.9    5/9/1986
399    -5.5    35.9    3/24/1996
400    -5.1    36    6/12/1994
401    -5.1    36    7/19/1994
402    -4    36    5/26/1994
403    -5    36    10/11/1984
405    -5.7    35.9    8/5/1994
406    -5.3    36    7/5/2000
407    -5.6    35.8    1/8/1993
408    -5.6    35.8    10/11/1984
414    15.6    38.2    7/11/1993
415    15.5    37.5    9/22/1994
416    25.3    37.8    8/10/1993
418    -44    4.5    11/12/2000
420    -44    5    10/12/2003
421    -43    2.5    8/13/2003
422    -43    10    8/13/2003
423    -45    2.5    7/27/2001
425    -17.2    17.3    8/15/2003
426    -17.1    13.5    9/3/2000
427    -17.4    10.6    3/30/2001
428    -13.6    7.3    4/30/1991
429    -6.7    4.5    10/9/1990
431    -2.5    4.7    8/15/2000
432    7.5    4    11/17/2002
433    7.7    4    11/17/2002
454    50    42    5/1/2009
455    50    42    7/24/2009
456    50    42    5/31/2009
458    50    42    8/22/2003
475    -66.1    45.4    9/7/2004
477    -66.1    45.4    9/7/2004
479    20    55    5/28/2005
482    23    65    8/16/1978
488    -5.4    36    1/20/1994
490    -5.7    35.9    2/21/1995
491    -5.7    35.9    1/8/1993
492    -126.11    50.6    9/15/2002
493    -126.11    50.6    9/8/2002
494    -126.11    50.6    9/8/2002
495    -5.3    36    4/14/1986
501    -5.3    36    3/31/1986
511    94    14    4/4/1986
513    94    14    3/28/1988
514    94    12    3/28/1988
515    94    12    1/30/1988
527    -7    47    7/14/1999
528    -7    46.5    7/14/1999
530    -7    46.5    9/3/1999
531    -7    46.5    8/15/1999
532    -7    46.5    7/22/1999
535    133    42    9/28/1999
536    -58.7    44.3    9/8/1987
610    -122    36.7    8/15/1997
614    -122    36.7    8/15/1997
616    -122    36.7    8/15/1997
617    -122    36.7    8/15/1997
621    15.5    69    9/10/1992
624    10    66    6/29/1992
625    10    66    7/25/1992
645    82.1    7.8    12/26/2004
651    -150    73    12/3/1993
703    145    53    3/20/1998
705    141.5    55.1    3/21/1998
708    141.5    55.1    3/20/1998
709    141.5    55.1    3/21/1998
713    -124.4    46.1    6/28/2000
717    -124.4    46.1    10/1/2001
718    -124.4    46.1    10/1/2001
728    -124.14    46.2    7/26/2004
744    -121.9    36.79    10/31/1994
756    10    82    7/25/2007
765    38.08    23    4/7/1984
766    36    26.08    10/6/1894
774    -69.8    48.18    7/5/2007
787    98    8    10/24/1976
788    98    8    10/24/1976
789    98    8    10/24/1976
792    117.4    21    4/10/2007
807    33.3    44.5    8/7/2009
808    19.4    62    7/24/2010
809    50.5    42    7/13/2010
810    50.5    42    3/9/2009
811    15    55    4/26/2010
812    50.4    41.7    7/24/2009
813    36.7    46    3/14/2009
814    15.46    37.8    8/22/1997
820    15.5    37.5    8/17/1995
821    15.6    38    7/11/1993
822    15.6    38.25    7/13/1995
823    -5.25    36    3/18/1998
824    -9    56.5    8/20/1995
825    -9.3    56.5    8/19/1995
826    160    -30    3/28/1992
829    -72    40    8/25/1983
831    160    52    9/18/1977
832    160    52    9/8/1981
834    56.4    -5    4/8/1985
835    54.5    -11.5    2/11/1981
836    54.5    -11.5    3/19/1987
844    -5.3    36    6/25/1986
851    9.4    47.6    7/8/2008
860    35    75    8/19/1992
861    -72.8    40.5    8/13/0202
862    -72.8    40.5    6/24/2007
863    -72.1    39.4    8/13/0202
864    -72.8    40.5    8/13/0202
865    -72.6    40.4    7/18/1992
866    -73.1    40.3    7/31/1995
867    -73.2    40.5    9/30/1978
868    -73.5    40.5    6/8/2001
869    -72.5    40.5    7/18/1992
870    -72.5    40.5    6/21/1992
873    36    65    7/27/2010
876    36    65    8/9/2010
881    35    65    8/8/2010
882    40    66    7/23/2012
883    131    42    9/11/2011
885    131    42    9/8/2011
886    131    42    9/9/2011
887    131    42    9/9/2011
888    131    42    9/11/2011
889    131    42    9/8/2011
890    131    42    9/8/2011
899    113    12    6/4/2011
900    113    12    9/9/2011
919    32    42    8/10/2005
920    36    65    7/22/2011
921    36    65    7/22/2011
922    36    65    8/8/2010
923    36    65    8/8/2010
924    36    65    7/24/2011
925    36    65    6/23/2010
926    36    65    7/24/2011
927    36    65    6/23/2009
928    36    65    8/17/2013
932    36    65    7/22/2011
934    36    65    7/20/2011
935    36    65    7/24/2011
936    74    40    8/13/2002
937    74    40    6/24/1997
938    74    40    8/13/2002
939    74    40    8/13/2002
940    74    40    6/18/1992
941    74    40    7/31/1995
942    74    40    9/30/1978
943    74    40    6/8/2001
944    74    40    7/18/1992
945    74    40    7/21/1992
949    30    73    8/31/2007
951    30    73    7/21/2007
952    30    73    8/6/2007
953    30    73    8/19/2007
954    30    73    9/16/2007
956    32    43    6/19/2006
961    131    42    9/1/2011
977    32    43    6/9/2013
978    32    43    7/13/2013
979    32    43    7/15/2013
980    32    43    7/15/2013
981    32    43    7/10/2013
982    32    43    7/10/2013
983    32    43    7/10/2013
984    32    43    7/9/2013
987    113    12    4/26/2000
988    134    39    9/20/2004
989    113    12    12/4/1990
990    160    57    8/21/1998
998    125    76    9/18/2011
999    125    76    9/18/2011
1000    125    76    8/3/2011
1001    125    76    8/3/2011
1002    125    76    8/3/2011
1003    32    43    2/19/2006
1004    32    43    6/13/2006
1007    32    43    6/13/2006
1008    32    43    6/16/2006
1009    32    43    6/20/2006
1010    32    43    7/11/2006
1011    32    43    8/21/2005
1015    32    43    7/11/1981
1020    32    43    7/30/1993
1021    32    43    6/27/1981
1022    32    43    6/27/1981
1023    32    43    7/10/1991
1025    32    43    8/21/2005
1026    32    43    8/22/2005
